            date     1. open  ...  7. dividend amount  8. split coefficient
4996  2019-11-11  27580.6602  ...                 0.0                   1.0
4997  2019-11-12  27701.5898  ...                 0.0                   1.0
4998  2019-11-13  27622.0391  ...                 0.0                   1.0
4999  2019-11-14  27757.1992  ...                 0.0                   1.0
5000  2019-11-15  27843.5391  ...                 0.0                   1.0

[5 rows x 9 columns]
[10000, 10290.934091106677, 10629.76113798206, 10674.301859735917, 10790.473880594322, 10832.057223695552, 10887.762180278962, 10890.47128593292, 10929.692458303505, 11000.889070853822, 11065.603888943024, 11140.086927986242, 11293.793900506591, 11433.491502360128, 11513.669883081071, 11524.163946791103, 11610.505857602848, 11709.426449032582, 11734.126490416269, 11941.740897544652, 11948.9965562829, 11979.691878509619, 12063.564665653968, 12145.8467335769, 12155.997029948565, 12262.621896322102, 12293.490123206047, 12319.605370593268, 12502.852319939751, 12560.636489884611, 12611.926441062493, 12831.9758200352, 12835.976781833291, 12867.268990044393, 12918.940192377791, 13009.48531003985, 13039.539828691746, 13056.53793092683, 13093.1273150897, 13128.06801981794, 13183.952122394214, 13289.481284273957, 13296.185855756034, 13365.154082412653, 13470.209864323906, 13482.378086054237, 13588.668390412568, 13639.833664157564, 13718.951836113203, 13722.714195806613, 13796.868053466906, 13831.684919074449, 13845.96077962886, 13922.172622461583, 14039.4304965415, 14292.772091521318, 14300.90410704202, 14379.871717875621, 14397.907561988084, 14449.525948754665, 14568.200632205426, 14753.467350205863, 14798.15132681299, 14820.196669110648, 14914.313322766038, 14937.127030032549, 14984.744056119971, 15093.869194311495, 15097.667166222851, 15105.81537458402, 15261.39173867106, 15277.316302816862, 15316.626394114784, 15318.433787523716, 15382.141049501206, 15410.274746482035, 15494.757487905425, 15529.327328648096, 15608.535167644728, 15656.460103159194, 15662.984087765442, 15685.704695101358, 15782.304857680128, 15855.704741853382, 15974.533136006588, 16014.694538272399, 16306.671477930777, 16308.078437675314, 16395.824819125257, 16468.198098431607, 16869.663921190022, 17007.59261161534, 17084.842512954972, 17227.833503382106, 17293.818499569177, 17350.45435857299, 17483.846425735246, 17552.16360521241, 17749.192264874735, 17815.493778421547, 17982.714104445186, 18141.13868537717, 18172.524306768104, 18432.381694442232, 18435.902671191685, 18816.50895253278, 18970.55677343826, 19105.068677463765, 19300.630108186862, 19359.117601003134, 19369.648597309668, 19402.18333937806, 19478.240245756628, 19491.051804002538, 19508.174826098933, 19771.90174487452, 19800.635152984825, 19986.785254139584, 20012.24754128552, 20018.54516303102, 20153.75925249964, 20162.417445696294, 20170.20085337075, 20225.997924429335, 20315.3184957609, 20367.974601592497, 20504.325629672698, 20537.746039826186, 20626.60392558539, 20644.04753827617, 20703.172925997806, 20878.817851193744, 21066.84782204961, 21087.75964441383, 21105.911053642918, 21195.686340993336, 21198.116694489443, 21251.803649921927, 21265.65721356405, 21404.40971790862, 21466.589163248507, 21568.61125598334, 21609.512813764228, 21632.479614567263, 21651.0356683511, 21920.018718655603, 22151.600227441344, 22233.90871854647, 22897.240804345973, 23174.826846291853, 23194.831264968638, 23525.819997028557, 23607.036281510365, 23963.46949643439, 24318.3170584796, 25082.328837163674, 25180.741516154118, 25482.582124471424, 25728.468669922826, 25900.256061186414, 26139.971532808355, 26189.362650600364, 26826.333875349155, 27108.875230696292, 27236.04882117946, 27508.85327412822, 27853.45264334012, 27896.802799891222, 28201.4903887544, 28457.883402573778, 28860.29228268177, 28935.13177805736, 28976.215891944812, 29056.032485595326, 29301.798605284843, 29350.831132376046, 29390.858581974902, 29545.75313608032, 29582.832063861235, 29622.41940202996, 29679.588547256906, 29855.581712096046, 29872.11934458132, 30030.59704723651, 30213.12724713668, 30302.551460844046, 30382.622099623837, 30492.030351994483, 30886.52364150093, 31472.095866789154, 31619.834286574285, 32069.592419779594, 32185.503599544525, 32571.744319326444, 32798.28056211966, 32985.83808095566, 33384.10797902597, 33420.5367593062, 33716.77420915656, 33745.26941166532, 33775.138533193145, 34097.72428511024]
===============different Oracles in different trends of market===========
wave1 from 20080501 to 20080901
Total 85 trading days
Market values:
[10000, 10037.04857801691, 10105.66217066065, 10145.626612213655, 10309.105377901706, 10351.285716991031, 10449.4723148185, 10556.402675835012, 10592.70617261696, 10647.35310583973, 10725.179596670916, 10730.019421991727, 10764.192420893376, 10931.571023869645, 11128.918683985978, 11150.494117428694, 11280.935715404468, 11343.054746521078, 11384.34772109356, 11431.524221610256, 11438.669331109988, 11561.711808378659, 11655.834866557987, 11667.470588598624, 11868.954718419196, 12252.578342775285, 12323.336028935591, 12332.808593787597, 12543.044227798728, 12603.052068285555, 12775.122064334393, 12814.970001576326, 12929.606672068814, 13070.672077178591, 13107.648998044524, 13351.590017948212, 13351.9620742408, 13391.462066489466, 13396.452804624232, 13815.66605018034, 13945.841255157591, 13950.143057672498, 13989.78109513128, 14197.77841662737, 14290.227767197419, 14362.213519200459, 14556.894323645833, 14866.080102854115, 14974.872919124187, 15148.194594034832, 15210.334144843624, 15338.884968161341, 15726.102495098936, 16016.270323978813, 16086.104986625374, 16127.108820122272, 16317.191549993895, 16359.21318772668, 16767.281945157945, 16798.912953793268, 17160.53038322245, 17571.355704320977, 17858.309281148933, 18181.118935529666, 18264.106991595127, 18332.361626469974, 18871.113862831917, 18936.587009967214, 19308.71249028847, 19820.321944651907, 19901.447750360167, 20140.55616918436, 20331.798162906747, 20478.067914474166, 20555.58516914961, 20878.81708762647, 21119.5333289194, 21247.718107536894, 21271.502113120016, 21639.698164153197, 22099.26007059251, 22150.926291956453, 22324.905525062164, 22737.670696148947, 23074.915208022987]
Return rate:130.7492%
Annuallized return rate:561.4522%
down1 from 20080901 to 20090000
Total 85 trading days
Market values:
[10000, 10013.857871842973, 10322.331147149194, 10352.527587710605, 10619.880605177232, 10884.66031672774, 10921.672926610923, 11081.385089774269, 11092.755403940282, 11605.333618734461, 11755.758698159352, 12253.659611100353, 12727.225249052774, 13153.114193318232, 13598.190546912861, 13800.544716459499, 13837.515572388265, 14089.194235629648, 14243.955054820459, 15312.623996363032, 16029.412765390673, 16058.404784132601, 16591.83502191966, 16844.872809260654, 17470.715797578876, 18410.890077329517, 18786.7617154169, 20273.441083997448, 20580.498473066764, 22860.88614249487, 23049.008525913894, 25018.808486069334, 26189.406982001427, 26565.25676823461, 27805.288096106222, 28518.666458443837, 30240.825398448807, 30851.519535763084, 32001.415781800555, 32796.69916903251, 36364.283345892785, 36664.22672116748, 37437.9281280804, 38026.44806386733, 38047.58209645408, 39294.56207743876, 41384.18002238563, 43494.745648307784, 44735.29416866016, 45104.802350757316, 46020.91031526334, 48306.21367812322, 51529.03343778828, 53578.35763465873, 55027.193449329025, 56032.61736865698, 59027.670030576264, 62505.64970050051, 66595.2583405214, 69880.73188694412, 70179.34463774672, 72224.7758938209, 73072.52256358099, 79169.60549566643, 81792.69519138066, 83469.53539632173, 85616.50440218244, 88265.67149817932, 91319.40075153754, 93871.0101933134, 94628.0174930646, 96797.09319116356, 97527.04637501786, 98268.92343453444, 102395.05966503463, 103553.10737253095, 106192.77716331372, 106513.1189827209, 107255.98747122294, 108532.43903070263, 109163.95431506578, 109770.70672062923, 110179.8285363813, 112575.38824426504, 113977.97194105465]
Return rate:1039.7797%
Annuallized return rate:4464.9364%
up1 from 20090301 to 20090701
Total 85 trading days
Market values:
[10000, 10055.411669902855, 10279.392533073424, 10718.037827401999, 10770.86054391361, 10902.291516981712, 11534.1440277294, 11540.654546275318, 11939.741989510918, 12029.530594504653, 12041.214805638205, 12339.418381733298, 12491.04771746409, 12635.82745066514, 12848.357815139201, 13726.547897780456, 13934.220444327624, 14097.647838770534, 14415.534848650319, 14690.602499383162, 15186.9806623452, 15362.431817867218, 15670.693593949041, 16107.767355223872, 16187.537556562747, 16272.251154847358, 16661.407619233134, 16763.11382469819, 17289.87076626008, 17344.736608471863, 17646.138130239047, 17889.969904718062, 18103.434524989203, 18116.579484791328, 18785.636342200793, 19091.865933399058, 19292.7694594634, 19465.208573237353, 19756.878466702936, 19883.150154747447, 19903.114776969458, 20322.132439251298, 20365.945546264986, 20476.376068073623, 21010.774810439198, 21050.96898668804, 21305.337884605873, 21564.833687391303, 21987.42172553518, 22394.53812030712, 22528.448569341333, 23029.385699294508, 23158.448432802532, 23334.001828391563, 23998.41209697763, 24081.18472633505, 24232.18350251325, 24611.82123371062, 24655.856164646273, 25240.19223754574, 25767.713144645008, 26089.902869677, 26389.584705384314, 27076.02969310108, 27136.349905130286, 27341.64173447222, 27578.01825924965, 27618.642559135296, 27622.929798957364, 27627.43933845318, 27703.439444007396, 27804.566441108112, 27894.406348605655, 28500.513958591186, 28860.62966749015, 28886.07009548715, 29084.667910991902, 29138.714991698525, 29840.086426738, 29897.80823844707, 29980.83836993393, 30604.08907573477, 30727.438387875678, 31058.769242419807, 31361.671847405436]
Return rate:213.6167%
Annuallized return rate:917.2953%
down2 from 20180901 to 20190000
Total 82 trading days
Market values:
[10000, 10008.673429115957, 10016.718478990862, 10047.379450884997, 10070.487467073854, 10114.882940619409, 10125.733270346833, 10183.012366383045, 10186.392827086978, 10222.566355480576, 10295.068424806414, 10357.35546624762, 10455.893895366391, 10489.830173778724, 10561.487716620559, 10589.33036247463, 10632.245733038397, 10654.267727787903, 10661.674478353165, 10739.405869083654, 10788.86074196316, 10810.802426530974, 10892.372269257723, 10966.683294547185, 10983.15733849871, 11006.514847770452, 11364.171133780666, 11611.800474469777, 11744.89704568026, 11786.498377593678, 12042.233720138513, 12085.209201329584, 12241.030118418506, 12272.32818886687, 12333.855876563837, 12395.536588963318, 12702.109382862847, 12909.371374456061, 13064.273673209162, 13195.430260406953, 13428.493266468846, 13558.660676952612, 13701.709478113833, 13761.302148910605, 13865.240458241828, 13959.61723663697, 14256.556996050795, 14262.503458542975, 14373.31379908506, 14714.2132458775, 14772.804484238479, 14894.135915042058, 15018.114356776288, 15091.723177159958, 15330.477439326723, 15676.241555043167, 15676.850991485962, 15792.229848050214, 16022.611821553463, 16093.158940785841, 16494.825256688237, 16512.78545466658, 16642.87429940226, 16830.53746983826, 17368.101322590428, 17423.378396472755, 17822.52647350603, 17847.59936909523, 17886.428390546964, 18001.67934033726, 18053.137287619247, 18425.33199457729, 18821.69547436211, 18887.638954037357, 19172.674778478737, 19561.889074310307, 19922.904794572893, 20520.046992703163, 21542.88552502641, 21788.05707281319, 21860.25429052773, 22111.49829947202]
Return rate:121.1150%
Annuallized return rate:539.1094%
up2 from 20190101 to 20190501
Total 82 trading days
Market values:
[10000, 10290.934091106677, 10629.76113798206, 10674.301859735917, 10790.473880594322, 10832.057223695552, 10887.762180278962, 10890.47128593292, 10929.692458303505, 11000.889070853822, 11065.603888943024, 11140.086927986242, 11293.793900506591, 11433.491502360128, 11513.669883081071, 11524.163946791103, 11610.505857602848, 11709.426449032582, 11734.126490416269, 11941.740897544652, 11948.9965562829, 11979.691878509619, 12063.564665653968, 12145.8467335769, 12155.997029948565, 12262.621896322102, 12293.490123206047, 12319.605370593268, 12502.852319939751, 12560.636489884611, 12611.926441062493, 12831.9758200352, 12835.976781833291, 12867.268990044393, 12918.940192377791, 13009.48531003985, 13039.539828691746, 13056.53793092683, 13093.1273150897, 13128.06801981794, 13183.952122394214, 13289.481284273957, 13296.185855756034, 13365.154082412653, 13470.209864323906, 13482.378086054237, 13588.668390412568, 13639.833664157564, 13718.951836113203, 13722.714195806613, 13796.868053466906, 13831.684919074449, 13845.96077962886, 13922.172622461583, 14039.4304965415, 14292.772091521318, 14300.90410704202, 14379.871717875621, 14397.907561988084, 14449.525948754665, 14568.200632205426, 14753.467350205863, 14798.15132681299, 14820.196669110648, 14914.313322766038, 14937.127030032549, 14984.744056119971, 15093.869194311495, 15097.667166222851, 15105.81537458402, 15261.39173867106, 15277.316302816862, 15316.626394114784, 15318.433787523716, 15382.141049501206, 15410.274746482035, 15494.757487905425, 15529.327328648096, 15608.535167644728, 15656.460103159194, 15662.984087765442, 15685.704695101358]
Return rate:56.8570%
Annuallized return rate:253.0832%
wave2 from 20190501 to 20190901
Total 86 trading days
Market values:
[10000, 10046.507709003945, 10121.799876545228, 10147.246984954281, 10332.2497093924, 10333.14118865175, 10388.739139800973, 10434.59637038864, 10688.973551908517, 10776.368068532745, 10825.315229315818, 10915.917325598068, 10957.726805760885, 10993.612476145876, 11078.13249294009, 11121.419693442947, 11246.26119247561, 11288.27122468871, 11394.22553714914, 11494.60668068971, 11514.493269926175, 11679.144371281422, 11681.375336138079, 11922.53547388303, 12020.143410299566, 12105.37297926208, 12229.284811207164, 12266.343715685118, 12273.016376238502, 12293.631072483304, 12341.82232658999, 12349.939999110855, 12360.789505726527, 12527.892423300225, 12546.098514469677, 12664.047130234865, 12680.180570423448, 12684.170875896754, 12769.84536431143, 12775.331377460161, 12780.263108119685, 12815.61730483667, 12872.212695774198, 12905.57671092055, 12991.971587530632, 13013.147461685177, 13069.449685321393, 13080.502324874411, 13117.965412968837, 13229.257728495528, 13348.397469206066, 13361.647639287556, 13373.148753600562, 13430.03226216283, 13431.572185208306, 13465.589368323583, 13474.367277359714, 13562.283779794434, 13601.681982972363, 13666.325324774993, 13692.24141127169, 13706.793658874396, 13718.551164480308, 13888.984477440681, 14035.719387755791, 14087.871777313185, 14508.172925834406, 14684.057275078108, 14696.732495115471, 14906.453910995264, 14957.91425548499, 15183.757830386267, 15408.596702303335, 15892.690619873483, 15955.046961281088, 16146.29951345215, 16302.098395598154, 16410.946496564844, 16562.835256656363, 16594.130506771857, 16997.728859796207, 17176.75299973965, 17257.332859037757, 17430.18749301475, 17648.532894601773, 17676.00046473302]
Return rate:76.7600%
Annuallized return rate:325.7837%
===============different Baseline in different trends of market===========
wave1 from 20080501 to 20080901
Total 85 trading days
Market values:
[10000, 10037.04857801691, 9968.900845503458, 10008.324442736353, 9849.615372790158, 9889.915680245962, 9796.986856264408, 9897.24027671022, 9863.32029208301, 9914.204381245194, 9986.671944657955, 9982.167409684858, 10013.958647194466, 9860.630053804767, 9685.772790161414, 9704.55042275173, 9592.336587240585, 9645.157263643352, 9680.269254419678, 9720.384089162184, 9714.312298232131, 9610.93028439662, 9533.320215219064, 9523.812836279787, 9688.278401229825, 9384.942044581094, 9439.139354342815, 9446.39492697925, 9288.062644119911, 9332.498155265184, 9459.915142198312, 9430.4996925442, 9346.886856264415, 9246.010453497312, 9272.16740968486, 9102.759723289779, 9102.506072252116, 9075.656956187551, 9079.039277478863, 8803.551037663337, 8721.375710991546, 8724.065949269794, 8748.854573405075, 8620.683935434283, 8676.81783243659, 8633.328209069949, 8750.353574173714, 8568.363105303615, 8631.068024596469, 8532.313604919298, 8497.456110684094, 8426.24135280554, 8638.954880860882, 8798.355265180637, 8836.718139892397, 8814.250422751735, 8918.139892390474, 8941.106764027676, 8723.505226748659, 8739.961875480403, 8555.787932359726, 8760.614604150658, 8903.682090699465, 8745.595311299005, 8705.857263643355, 8673.443812451964, 8928.339354342816, 8959.31614142967, 8786.64850115296, 9019.462182936204, 9056.379400461186, 8948.862182936205, 8864.688700999233, 8928.46249039201, 8962.260107609536, 8823.512375096085, 8722.943735588015, 8775.887548039973, 8785.710991544967, 8937.786010760956, 8751.92159877018, 8772.382859338972, 8841.283474250578, 9004.749961568026, 8873.14373558801]
Return rate:-11.2686%
Annuallized return rate:-48.3885%
down1 from 20080901 to 20090000
Total 85 trading days
Market values:
[10000, 10013.857871842973, 9714.603033750367, 9743.021656337121, 9994.634242441849, 9751.505261402395, 9784.664648054031, 9927.749866524638, 9917.573708227315, 9479.539577244082, 9602.410710523389, 9212.237553202047, 9568.261736369284, 9888.44282923249, 9564.788585531447, 9424.542320555689, 9399.361976981363, 9570.318883610538, 9675.442737081117, 9000.193011674934, 9421.494891181797, 9404.485221782255, 9102.129467792858, 8965.400462670577, 8644.238291524454, 8202.809850227402, 8038.694095632287, 7449.205581433278, 7338.064754622456, 8151.146731514559, 8084.618353558229, 7448.093999507629, 7796.580924384132, 7686.273566945621, 8045.058731371399, 7843.816123093816, 7397.125337304812, 7546.505554840232, 7275.339476833559, 7098.9206063680285, 7871.132367604641, 7806.74006424235, 7971.480638673193, 8096.791399929769, 8092.29393008108, 8357.51258459304, 7935.515380288441, 7550.447581041179, 7765.799951426249, 7702.180858269232, 7548.858614532865, 7191.732053289699, 7671.538985002405, 7378.109489152564, 7183.847914059034, 7315.106880269263, 6943.939759449051, 6557.560585274192, 6986.607504320664, 7331.291415858506, 7362.619323244577, 7577.208555561804, 7666.146918326662, 7075.754516622104, 7310.19219817618, 7460.059177801521, 7272.986417140922, 7498.028965192332, 7757.438427612922, 7546.575104685756, 7607.433216584234, 7436.962203757271, 7493.044820082492, 7436.476396783828, 7748.720732181177, 7662.065792434656, 7471.60723067979, 7449.136118416518, 7397.542462720432, 7310.539860575044, 7353.077535947779, 7393.947230630643, 7366.491886428762, 7526.656150486898, 7620.431223108528]
Return rate:-23.7957%
Annuallized return rate:-102.1815%
up1 from 20090301 to 20090701
Total 85 trading days
Market values:
[10000, 9944.893683399649, 10166.412796139159, 9750.343250104612, 9798.39678617951, 9680.273653798671, 10241.3029753271, 10247.083741788394, 10601.438205370467, 10681.162570287543, 10670.79808791284, 10935.062964917968, 11069.435289629759, 10942.603082227739, 10761.596648968187, 11497.15582209251, 11325.804748872228, 11458.639360429619, 11717.019527478496, 11497.629408172656, 11121.835674649474, 11250.323289405014, 11476.071704747252, 11796.1526121163, 11854.570482708867, 11792.85540025639, 11517.412531475073, 11587.718255464433, 11951.8457732849, 11914.039025385578, 11710.543537242973, 11872.358127479383, 12014.020099685216, 12022.743516838702, 11594.549398295803, 11783.55519281297, 11660.84819666169, 11765.073063553395, 11941.362857425906, 11865.526984648011, 11853.624789118912, 12103.177595519346, 12077.14011967549, 12142.626147925055, 12459.528129061455, 12435.738227992597, 12586.00518386762, 12434.554188863709, 12678.223763878239, 12447.742888446312, 12522.175450113782, 12249.792039081578, 12318.443095002585, 12225.765271044129, 12573.88061135927, 12530.661261013507, 12452.578552745787, 12260.497331919827, 12238.600296601217, 12528.65129249227, 12272.162660480335, 12425.609134016144, 12568.335972581397, 12895.263104199295, 12923.99128234928, 12826.952858741835, 12937.845634299294, 12956.903962420667, 12958.915261655213, 12956.800018925713, 12921.255040076661, 12968.422025375237, 13010.324560975514, 12733.639840964986, 12574.752672146262, 12563.677884579856, 12650.055816030377, 12626.592235435726, 12329.812561637915, 12306.008170579718, 12271.927419939126, 12527.039946534913, 12476.752586389184, 12611.288145266593, 12489.483668451316]
Return rate:24.8948%
Annuallized return rate:106.9014%
down2 from 20180901 to 20190000
Total 82 trading days
Market values:
[10000, 10008.673429115957, 10016.718478990862, 9986.15107330492, 9963.23657771364, 10007.159238593782, 10017.894012096453, 10074.563084634625, 10077.90754336565, 10042.245904009058, 10113.469076684209, 10174.657408951716, 10271.457674344461, 10304.79533545936, 10234.879398136914, 10207.968714204408, 10166.765870414582, 10187.823741934802, 10194.906224859702, 10269.234534248084, 10316.524272121118, 10337.505349440491, 10260.090745468437, 10190.567641501553, 10205.875812140579, 10184.217381456083, 9863.69692099374, 9653.347047115594, 9763.995468564171, 9729.532712682321, 9940.637427701758, 9905.2881284315, 9779.19979556482, 9804.203417087627, 9755.294951478721, 9706.752192723929, 9472.474085858576, 9627.037692986612, 9512.89049229803, 9418.33667883885, 9584.687136167968, 9677.595095389823, 9779.697243198007, 9737.346724911324, 9810.892334549677, 9877.672309589057, 10087.783632088654, 10091.991283838937, 10014.18758411166, 9782.178508909774, 9743.380868738153, 9664.00880254972, 9744.451787566124, 9792.212617210136, 9639.710354468814, 9427.09141039524, 9426.724932901885, 9357.852787905957, 9494.36806242856, 9536.171503914626, 9774.183126734262, 9763.552196869967, 9840.470123848083, 9951.430153275713, 9643.421290693193, 9612.826758505798, 9397.540709066323, 9410.761256520353, 9390.331764241184, 9450.838234903978, 9477.853533114105, 9286.399348224148, 9090.838349729225, 9122.688908291439, 8987.063953289546, 8808.252297887282, 8648.641157826894, 8396.961978258683, 8815.515418651405, 8915.84151272168, 8886.395425670386, 8988.528437580364]
Return rate:-10.1147%
Annuallized return rate:-45.0228%
up2 from 20190101 to 20190501
Total 82 trading days
Market values:
[10000, 9717.29088095307, 10037.230834282256, 10079.288741319468, 10188.985034086985, 10228.250414385779, 10280.85023300668, 10278.292776238974, 10241.409149898147, 10308.12224745293, 10368.761733206184, 10438.554298777406, 10582.581772631633, 10453.280824207399, 10526.585389967842, 10516.999735143645, 10595.795720460374, 10506.283020252655, 10528.445132677078, 10714.72716193505, 10708.220975127291, 10735.72891621324, 10810.892410847378, 10884.630365449591, 10875.541664306185, 10780.97761540207, 10753.907218002492, 10731.110956358616, 10890.729977154948, 10941.063435130764, 10896.568518985765, 11086.688810817595, 11090.145598690446, 11117.181729330445, 11072.716925100425, 11150.32239752249, 11176.081877200935, 11161.531911249675, 11130.340464842813, 11100.716765520128, 11147.970755479504, 11059.446908286327, 11053.87020733214, 10996.828902668445, 10911.063315454108, 10901.21577691983, 10987.157109777358, 10945.942464859929, 11009.434658348113, 11012.45394536804, 11071.962285387604, 11099.902758646334, 11088.45821778189, 11027.758508198674, 11120.638517203293, 10923.523480239011, 10929.738528090698, 10990.091029732484, 10976.324059237595, 11015.675620436728, 11106.147918413, 11247.38702037341, 11213.424806620464, 11230.12985191508, 11301.447545288253, 11318.73482566156, 11282.76727830462, 11201.19551412822, 11204.013997937016, 11197.97045521702, 11313.299517924086, 11301.50691244922, 11330.586841130842, 11329.24996633933, 11376.366760760044, 11355.597549279044, 11417.85159907675, 11392.434315826149, 11334.621709237786, 11369.423886934905, 11374.161480613906, 11390.660754017254]
Return rate:13.9066%
Annuallized return rate:61.9014%
wave2 from 20190501 to 20190901
Total 86 trading days
Market values:
[10000, 9953.707586406106, 10028.30427621713, 10003.15545048595, 9824.045279577515, 9824.89291033132, 9772.312524133906, 9815.448768365613, 9581.859810462, 9660.202412998136, 9704.079856465083, 9785.297812604143, 9747.961764531814, 9716.142183519067, 9790.840878084467, 9752.732605591964, 9644.470336264498, 9680.496932354568, 9590.478493330449, 9506.72589308889, 9523.173289513259, 9388.916796000698, 9390.710278703546, 9584.580000304648, 9663.047460292355, 9731.563894896566, 9831.177175046882, 9860.96899537492, 9855.607729911202, 9839.081257100837, 9877.650631945555, 9871.158006628231, 9879.829886338171, 10013.393231816555, 10027.945140783699, 10122.220046003084, 10109.34118905141, 10112.522481246277, 10044.676304143457, 10040.362895383156, 10036.488455154109, 10064.25251479744, 10108.697529970761, 10134.898677005143, 10202.745572984199, 10186.142974963966, 10142.261823609062, 10133.691910817906, 10162.715214613725, 10248.935300783072, 10341.234923283, 10351.500059746179, 10342.597609942337, 10298.791070373645, 10299.971957016374, 10273.95185328677, 10280.649206989081, 10347.727586435916, 10317.754684967507, 10268.95047996831, 10288.423966991682, 10299.358604244428, 10290.531522938623, 10164.255236689885, 10057.994129626384, 10020.76008630843, 9730.459095628115, 9848.422637600344, 9839.928850019056, 9980.343994083783, 9946.008194901542, 9798.071032584669, 9943.15943971936, 9640.28920073168, 9678.113706288794, 9794.124893909944, 9888.630369223232, 9823.042522899024, 9913.958043794892, 9932.690331583022, 9696.846031912515, 9798.975530232323, 9753.221063076746, 9850.912257349093, 9974.313189994906, 9989.836868291191]
Return rate:-0.1016%
Annuallized return rate:-0.4313%
